20020914	1800	10.0	-60.5	46.25	1009	639.91	538.95	403.45	542.55	531.22	0.37	0.3	0.45
20020915	0000	10.2	-62.4	46.25	1009	1253.81	791.48	654.43	639.96	834.92	0.49	0.58	0.21
20020915	0600	10.6	-64.3	46.25	1009	727.28	742.10	623.53	0.00	697.64	1.0	0.7	0.06
20020915	1200	11.2	-66.4	46.25	1009	557.25	775.42	514.08	115.55	490.58	0.85	0.5	0.22
20020915	1800	12.3	-68.5	46.25	1009	874.11	843.16	622.38	660.69	750.08	0.29	0.52	0.22
20020916	0000	14.2	-70.5	37.0	1009	1305.73	755.49	623.25	605.81	822.57	0.54	0.49	0.28
20020916	0600	15.0	-71.9	37.0	1008	1189.30	265.59	0.00	0.00	727.44	1.0	0.65	0.22
20020916	1200	15.5	-73.2	37.0	1008	636.79	598.09	84.98	393.74	428.4	0.87	0.36	0.27
20020916	1800	15.7	-74.5	37.0	1008	824.81	479.00	591.28	703.73	649.7	0.42	0.37	0.25
20020917	0000	15.8	-75.3	46.25	1008	877.64	751.26	648.40	713.82	747.78	0.26	0.58	0.23
20020917	0600	15.8	-76.1	46.25	1008	644.05	591.05	731.78	639.17	651.51	0.19	0.6	0.19
20020917	1200	15.9	-76.8	55.5	1008	601.83	631.40	904.29	781.57	729.77	0.33	0.6	0.2
20020917	1800	16.3	-77.4	55.5	1006	878.31	668.14	858.24	887.79	823.12	0.25	0.52	0.25
20020918	0000	16.7	-77.7	55.5	1006	727.21	621.62	711.30	798.80	714.73	0.22	0.47	0.25
20020918	0600	17.1	-78.1	64.75	1006	787.01	759.94	751.72	537.47	709.04	0.32	0.41	0.12
20020918	1200	17.7	-78.5	74.0	1004	408.34	342.35	755.69	818.24	581.16	0.58	0.44	0.24
20020918	1800	18.7	-78.6	83.25	1001	844.25	685.34	744.28	893.60	791.87	0.23	0.29	0.22
20020919	0000	19.3	-79.3	92.5	998	828.56	775.04	1048.92	850.92	875.86	0.26	0.38	0.26
20020919	0600	19.7	-80.4	92.5	990	354.37	346.66	930.16	786.72	604.48	0.63	0.47	0.19
20020919	1200	19.9	-80.9	111.0	990	273.08	409.03	661.78	774.55	529.61	0.65	0.28	0.3
20020919	1800	20.4	-81.7	120.2	983	667.50	327.01	507.53	911.99	603.51	0.64	0.31	0.4
20020920	0000	20.7	-82.3	138.7	979	857.69	862.34	968.78	1099.53	947.08	0.22	0.38	0.22
20020920	0600	21.1	-83.0	166.5	967	706.18	519.84	1028.59	884.90	784.88	0.49	0.35	0.19
20020920	1200	21.5	-83.5	157.2	966	824.29	291.18	732.43	1197.67	761.39	0.76	0.28	0.23
20020920	1800	21.8	-84.0	138.7	965	860.06	1686.66	1677.74	1098.68	1330.78	0.49	0.5	0.18
20020920	2100	22.0	-84.1	138.7	964	999.14	222.10	1612.48	1245.61	1019.83	0.86	0.46	0.27
20020921	0000	22.1	-84.3	138.7	964	1053.10	2258.74	2372.73	1175.91	1715.12	0.56	0.5	0.13
20020921	0600	22.3	-85.1	157.2	964	971.02	183.29	1084.20	1396.64	908.79	0.87	0.41	0.2
20020921	1200	22.0	-85.8	185.0	955	721.06	359.68	962.45	950.39	748.4	0.63	0.35	0.32
20020921	1800	21.9	-86.1	203.5	946	1535.43	357.26	551.90	1600.73	1011.33	0.78	0.47	0.23
20020922	0000	22.1	-86.5	203.5	947	2259.95	607.82	851.49	2176.09	1473.84	0.73	0.51	0.17
20020922	0600	22.0	-87.4	203.5	936	997.02	419.05	816.50	1221.58	863.54	0.66	0.36	0.29
20020922	1200	21.9	-88.2	203.5	934	1105.48	482.28	874.93	1231.86	923.64	0.61	0.32	0.33
20020922	1800	21.6	-88.9	203.5	935	1340.99	815.24	745.94	1552.18	1113.59	0.52	0.36	0.24
20020922	2100	21.3	-89.3	203.5	936	1462.15	852.90	762.17	1682.97	1190.05	0.55	0.34	0.21
20020923	0000	21.0	-89.4	185.0	950	956.26	805.55	859.80	805.34	856.74	0.16	0.24	0.32
20020923	0600	20.6	-89.6	129.5	952	995.72	806.41	876.57	990.97	917.42	0.19	0.34	0.33
20020923	1200	20.1	-89.6	111.0	960	1010.50	884.85	904.00	828.87	907.06	0.18	0.51	0.26
20020923	1800	20.3	-89.4	92.5	968	1109.87	724.40	946.39	874.80	913.86	0.35	0.46	0.24
20020924	0000	20.5	-89.3	64.75	980	1342.57	811.03	772.27	647.06	893.23	0.52	0.5	0.32
20020924	0600	21.0	-89.5	83.25	985	1393.20	1002.13	809.33	800.08	1001.18	0.43	0.45	0.27
20020924	1200	21.7	-89.7	92.5	987	1245.01	901.06	903.70	802.15	962.98	0.36	0.49	0.29
20020924	1800	22.1	-89.8	92.5	988	1112.34	1022.88	947.09	826.29	977.15	0.26	0.5	0.29
20020925	0000	23.0	-89.7	92.5	987	1376.31	1087.90	953.58	736.60	1038.6	0.46	0.56	0.3
20020925	0600	24.2	-89.7	92.5	987	975.27	486.46	973.14	908.67	835.88	0.5	0.65	0.25
20020925	1200	25.4	-90.2	92.5	990	802.95	428.98	900.99	841.49	743.6	0.52	0.43	0.29
20020925	1800	26.3	-90.4	101.7	988	1038.98	788.82	941.04	1016.80	946.41	0.24	0.42	0.29
20020926	0000	27.5	-90.3	101.7	989	1396.10	416.04	903.56	1065.56	945.32	0.7	0.54	0.29
20020926	0600	29.1	-90.3	101.7	984	834.55	491.31	242.45	902.23	617.64	0.73	0.39	0.28
20020926	1200	30.0	-89.9	101.7	985	1091.95	811.07	306.64	959.82	792.37	0.72	0.43	0.33
20020926	1800	32.2	-89.8	74.0	988	1053.07	687.86	390.95	941.96	768.46	0.63	0.35	0.38
20020927	0000	33.0	-89.0	37.0	992	1371.15	823.28	358.25	832.73	846.35	0.74	0.48	0.26
20020927	0600	35.0	-86.5	37.0	995	668.88	691.49	0.00	0.00	680.18	1.0	0.8	0.03
20020927	1200	39.1	-82.9	37.0	998	-9999	-9999	-9999	-9999	-9999.0	-0.0	-0.02	-9999.0
20020927	1800	40.9	-79.5	37.0	999	-9999	-9999	-9999	-9999	-9999.0	-0.0	-9999.0	-9999.0
