20170916	1200	12.2	-49.7	55.5	1006	587.59	354.47	769.95	704.53	604.14	0.54	0.26	0.25
20170916	1800	12.2	-51.7	74.0	1004	570.85	391.13	746.18	794.09	625.56	0.51	0.35	0.24
20170917	0000	12.4	-53.1	83.25	1002	647.26	449.95	354.54	834.19	571.48	0.57	0.49	0.2
20170917	0600	12.8	-54.4	101.7	994	546.68	437.85	387.86	805.97	544.59	0.52	0.39	0.18
20170917	1200	13.3	-55.7	111.0	990	402.19	392.59	761.47	833.94	597.55	0.53	0.4	0.23
20170917	1800	13.6	-57.0	120.2	986	849.13	367.80	798.83	915.79	732.89	0.6	0.38	0.26
20170918	0000	14.0	-58.0	138.7	979	761.87	416.07	904.30	770.96	713.3	0.54	0.38	0.2
20170918	0600	14.3	-59.0	148.0	977	859.31	254.42	745.55	808.04	666.83	0.7	0.25	0.21
20170918	1200	14.5	-59.7	185.0	967	819.74	314.74	480.42	777.63	598.13	0.62	0.23	0.43
20170918	1800	14.9	-60.4	203.5	956	875.26	471.85	774.36	824.91	736.6	0.46	0.33	0.42
20170919	0000	15.3	-61.1	268.2	924	714.16	446.89	645.02	844.52	662.65	0.47	0.2	0.28
20170919	0115	15.4	-61.3	268.2	922	803.89	398.55	640.46	854.19	674.27	0.53	0.2	0.27
20170919	0600	15.7	-61.9	249.7	940	838.01	406.37	696.48	682.05	655.73	0.52	0.21	0.3
20170919	1200	16.1	-62.7	259.0	931	524.43	409.19	663.46	751.43	587.13	0.46	0.28	0.48
20170919	1800	16.6	-63.5	268.2	920	698.52	391.20	567.87	820.79	619.6	0.52	0.22	0.37
20170920	0000	17.0	-64.3	277.5	909	678.89	362.00	468.11	739.50	562.12	0.51	0.22	0.33
20170920	0300	17.3	-64.7	277.5	908	650.10	323.53	450.28	662.39	521.58	0.51	0.13	0.32
20170920	0600	17.6	-65.1	259.0	913	725.59	356.86	264.50	692.01	509.74	0.64	0.09	0.27
20170920	1015	18.0	-65.9	249.7	920	431.07	309.49	394.53	458.51	398.4	0.33	0.21	0.59
20170920	1200	18.2	-66.2	212.7	935	452.27	385.06	438.22	479.13	438.67	0.2	0.19	0.54
20170920	1800	18.6	-67.0	175.7	959	578.19	530.34	333.44	747.31	547.32	0.55	0.09	0.43
20170921	0000	19.0	-67.6	175.7	958	511.18	456.43	454.44	877.76	574.95	0.48	0.23	0.34
20170921	0600	19.4	-68.2	185.0	959	474.37	509.77	362.30	517.41	465.96	0.3	0.16	0.42
20170921	1200	19.9	-68.8	185.0	959	437.76	366.68	351.08	552.33	426.96	0.36	0.2	0.52
20170921	1800	20.5	-69.5	194.2	960	521.40	484.51	414.18	892.47	578.14	0.54	0.2	0.45
20170922	0000	20.8	-70.0	203.5	953	445.62	378.02	512.72	775.59	527.99	0.51	0.19	0.41
20170922	0600	21.2	-70.5	203.5	959	493.36	446.69	519.95	793.18	563.3	0.44	0.29	0.44
20170922	1200	21.9	-70.9	203.5	958	446.84	407.35	230.11	865.91	487.55	0.73	0.37	0.39
20170922	1800	22.8	-71.2	203.5	959	567.59	438.90	261.93	938.63	551.76	0.72	0.27	0.29
20170923	0000	23.7	-71.6	194.2	953	573.00	942.85	236.68	918.01	667.63	0.75	0.37	0.28
20170923	0600	24.4	-71.9	185.0	952	766.59	683.37	348.10	957.41	688.87	0.64	0.32	0.2
20170923	1200	25.1	-72.1	185.0	952	808.82	683.77	334.46	977.66	701.18	0.66	0.45	0.18
20170923	1800	25.9	-72.3	185.0	952	697.72	732.80	386.79	934.26	687.89	0.59	0.31	0.2
20170924	0000	26.6	-72.4	185.0	945	501.90	371.87	828.18	731.61	608.39	0.55	0.19	0.26
20170924	0600	27.5	-72.6	175.7	942	668.95	446.24	365.15	484.65	491.25	0.45	0.11	0.29
20170924	1200	28.4	-72.8	175.7	947	589.86	436.08	857.58	446.04	582.39	0.49	0.14	0.32
20170924	1800	29.1	-72.9	166.5	943	671.38	400.48	393.85	656.37	530.52	0.41	0.34	0.36
20170925	0000	29.7	-72.9	157.2	947	824.10	758.59	421.60	797.81	700.52	0.49	0.28	0.14
20170925	0600	30.3	-72.9	138.7	954	935.09	246.96	270.61	510.08	490.68	0.74	0.39	0.19
20170925	1200	30.8	-73.0	129.5	961	814.71	301.13	304.96	986.36	601.79	0.69	0.34	0.22
20170925	1800	31.4	-73.1	129.5	966	713.85	342.66	913.62	897.71	716.96	0.62	0.39	0.2
20170926	0000	32.0	-73.1	129.5	966	726.94	368.27	354.66	700.72	537.65	0.51	0.56	0.23
20170926	0600	32.6	-73.1	120.2	970	868.17	58.88	161.61	956.48	511.28	0.94	0.45	0.11
20170926	1200	33.3	-73.1	120.2	970	587.72	14.44	916.70	692.99	552.96	0.98	0.45	0.11
20170926	1800	33.9	-73.1	120.2	975	726.30	0.00	228.88	803.53	586.24	1.0	0.47	0.16
20170927	0000	34.4	-73.0	120.2	975	832.47	0.00	317.94	881.33	677.25	1.0	0.42	0.27
20170927	0600	34.9	-72.9	120.2	976	744.53	145.35	0.00	850.09	579.99	1.0	0.53	0.29
20170927	1200	35.4	-72.8	120.2	977	-9999	-9999	-9999	-9999	-9999.0	-0.0	-0.04	-9999.0
20170927	1800	36.0	-72.6	120.2	979	-9999	-9999	-9999	-9999	-9999.0	-0.0	-0.03	-9999.0
20170928	0000	36.6	-72.2	120.2	979	-9999	-9999	-9999	-9999	-9999.0	-0.0	-0.03	-9999.0
20170928	0600	36.7	-71.3	111.0	982	-9999	-9999	-9999	-9999	-9999.0	-0.0	-0.01	-9999.0
20170928	1200	36.8	-70.0	111.0	982	-9999	-9999	-9999	-9999	-9999.0	-0.0	-0.01	-9999.0
20170928	1800	36.8	-68.6	101.7	985	-9999	-9999	-9999	-9999	-9999.0	-0.0	-0.01	-9999.0
20170929	0000	36.9	-66.8	101.7	985	-9999	-9999	-9999	-9999	-9999.0	-0.0	-0.01	-9999.0
20170929	0600	37.0	-64.6	92.5	987	-9999	-9999	-9999	-9999	-9999.0	-0.0	-0.02	-9999.0
20170929	1200	37.0	-62.0	92.5	988	-9999	-9999	-9999	-9999	-9999.0	-0.0	-0.01	-9999.0
20170929	1800	37.4	-59.0	92.5	988	-9999	-9999	-9999	-9999	-9999.0	-0.0	-0.01	-9999.0
20170930	0000	38.1	-55.6	92.5	988	-9999	-9999	-9999	-9999	-9999.0	-0.0	-0.03	-9999.0
20170930	0600	39.1	-52.2	92.5	988	-9999	-9999	-9999	-9999	-9999.0	-0.0	-0.04	-9999.0
20170930	1200	40.0	-48.8	92.5	988	-9999	-9999	-9999	-9999	-9999.0	-0.0	-0.03	-9999.0
20170930	1800	41.2	-45.6	83.25	991	-9999	-9999	-9999	-9999	-9999.0	-0.0	-0.03	-9999.0
20171001	0000	42.2	-42.6	83.25	994	-9999	-9999	-9999	-9999	-9999.0	-0.0	-0.09	-9999.0
20171001	0600	43.4	-39.4	83.25	996	-9999	-9999	-9999	-9999	-9999.0	-0.0	-0.09	-9999.0
20171001	1200	44.9	-35.5	83.25	999	-9999	-9999	-9999	-9999	-9999.0	-0.0	-9999.0	-9999.0
20171001	1800	46.5	-31.0	83.25	1003	-9999	-9999	-9999	-9999	-9999.0	-0.0	-9999.0	-9999.0
20171002	0000	47.5	-26.5	74.0	1005	-9999	-9999	-9999	-9999	-9999.0	-0.0	-9999.0	-9999.0
20171002	0600	48.0	-22.0	74.0	1012	-9999	-9999	-9999	-9999	-9999.0	-0.0	-9999.0	-9999.0
20171002	1200	48.0	-17.0	55.5	1016	-9999	-9999	-9999	-9999	-9999.0	-0.0	-9999.0	-9999.0
